0 0 0 0 0 0 0 0 0 0 0 0 0 0 0 0 0 0 0 0 0 0 0
0 0 0 0 0 0 0 0 0 0 0 0 0 0 0 0 0 0 0 0 0 0 0
0 0 0 0 0 0 0 0 0 0 0 0 0 0 0 0 0 0 0 0 0 0 0
0 0 0 0 0 0 0 0 0 0 0 0 0 0 0 0 0 0 0 0 0 0 0
0 0 0 0 4 3 3 3 3 3 3 3 3 3 3 0 0 0 0 0 0 0 0
0 0 0 0 2 1 1 1 1 1 1 1 1 1 1 0 0 0 0 0 0 0 0
0 0 0 0 2 1 1 1 1 1 1 1 1 1 1 0 0 0 0 0 0 0 0
0 0 0 0 2 1 1 1 1 1 1 1 1 1 1 0 0 0 0 0 0 0 0
0 0 0 0 2 1 1 1 1 1 1 1 1 1 1 0 0 0 0 0 0 0 0
0 0 0 0 2 1 1 1 1 1 1 1 1 1 1 0 0 0 0 0 0 0 0
0 0 0 0 2 1 1 1 1 1 1 1 1 1 1 0 0 0 0 0 0 0 0
0 0 0 0 2 1 1 1 1 1 1 1 1 1 1 0 0 0 0 0 0 0 0
0 0 0 0 2 1 1 1 1 1 1 1 1 1 1 0 0 0 0 0 0 0 0
0 0 0 0 2 1 1 1 1 1 1 1 1 1 1 0 0 0 0 0 0 0 0
0 0 0 0 2 1 1 1 1 1 1 1 1 1 1 0 0 0 0 0 0 0 0
0 0 0 0 2 1 1 1 1 1 1 1 1 1 1 0 0 0 0 0 0 0 0
0 0 0 0 2 1 1 1 1 1 1 1 1 1 1 0 0 0 0 0 0 0 0
0 0 0 0 2 1 1 1 1 1 1 1 1 1 1 0 0 0 0 0 0 0 0
0 0 0 0 2 1 1 1 1 1 1 1 1 1 1 0 0 0 0 0 0 0 0
0 0 0 0 0 0 0 0 2 1 1 0 0 0 0 0 0 0 0 0 0 0 0
0 0 0 0 0 0 0 0 2 1 1 0 0 0 0 0 0 0 0 0 0 0 0
0 0 0 0 0 0 0 0 2 1 1 0 0 0 0 0 0 0 0 0 0 0 0
0 0 0 0 0 0 0 0 2 1 1 0 0 0 0 0 0 0 0 0 0 0 0
0 0 0 0 0 0 0 0 2 1 1 0 0 0 0 0 0 0 0 0 0 0 0
0 0 0 0 0 0 0 0 2 1 1 0 0 0 0 0 0 0 0 0 0 0 0
0 0 0 0 0 0 0 0 2 1 1 0 0 0 0 0 0 0 0 0 0 0 0
0 0 0 0 0 0 0 0 2 1 1 0 0 0 0 0 0 0 0 0 0 0 0
0 0 0 0 0 0 0 0 2 1 1 0 0 0 0 0 0 0 0 0 0 0 0
0 0 0 0 0 0 0 0 2 1 1 0 0 0 0 0 0 0 0 0 0 0 0
0 0 0 0 0 0 0 0 2 1 1 0 0 0 0 0 0 0 0 0 0 0 0
0 0 0 0 0 0 0 0 2 1 1 0 0 0 0 0 0 0 0 0 0 0 0
0 0 0 0 0 0 0 0 2 1 1 0 0 0 0 0 0 0 0 0 0 0 0
0 0 0 0 0 0 0 0 2 1 1 3 3 3 3 3 3 3 3 0 0 0 0
0 0 0 0 0 0 0 0 2 1 1 1 1 1 1 1 1 1 1 0 0 0 0
0 0 0 0 0 0 0 0 2 1 1 1 1 1 1 1 1 1 1 0 0 0 0
0 0 0 0 0 0 0 0 2 1 1 1 1 1 1 1 1 1 1 0 0 0 0
0 0 0 0 0 0 0 0 2 1 1 1 1 1 1 1 1 1 1 0 0 0 0
0 0 0 0 0 0 0 0 0 0 0 0 0 0 0 0 0 1 1 0 0 0 0
0 0 0 0 0 0 4 3 3 3 3 3 3 3 3 0 0 1 1 0 0 0 0
0 0 0 0 0 0 2 1 1 1 1 1 1 1 1 0 0 1 1 0 0 0 0
0 0 0 0 0 0 2 1 1 1 1 1 1 1 1 3 3 1 1 0 0 0 0
0 0 0 0 0 0 2 1 1 1 1 1 1 1 1 1 1 1 1 0 0 0 0
0 0 0 0 0 0 2 1 1 1 1 1 1 1 1 1 1 1 1 0 0 0 0
0 0 0 0 0 0 2 1 1 0 0 0 0 0 2 1 1 1 1 0 0 0 0
0 0 0 0 0 0 2 1 1 0 0 0 0 0 2 1 1 1 1 0 0 0 0
0 0 0 0 0 0 2 1 1 0 0 0 0 0 2 1 1 1 1 0 0 0 0
0 0 0 0 0 0 2 1 1 0 0 0 0 0 0 0 0 0 0 0 0 0 0
0 0 0 0 0 0 2 1 1 0 0 0 0 0 0 0 0 0 0 0 0 0 0
0 0 0 0 0 0 2 1 1 3 3 3 0 0 0 0 0 0 0 0 0 0 0
0 0 0 0 0 0 2 1 1 1 1 1 0 0 0 0 0 0 0 0 0 0 0
0 0 0 0 0 0 2 1 1 1 1 1 0 0 0 0 0 0 0 0 0 0 0
0 0 0 0 0 0 2 1 1 1 1 1 0 0 0 0 0 0 0 0 0 0 0
0 0 0 0 0 0 2 1 1 1 1 1 0 0 0 0 0 0 0 0 0 0 0
0 0 0 0 0 0 2 1 1 1 1 1 0 0 0 0 0 0 0 0 0 0 0
0 0 0 0 0 0 0 0 0 2 1 1 0 0 0 0 0 0 0 0 0 0 0
0 0 0 0 0 0 0 0 0 2 1 1 0 0 0 0 0 0 0 0 0 0 0
0 0 0 0 0 0 0 0 0 2 1 1 0 0 0 0 0 0 0 0 0 0 0
0 0 0 0 0 0 0 0 0 2 1 1 0 0 0 0 0 0 0 0 0 0 0
0 0 0 0 0 0 0 0 0 2 1 1 0 0 0 0 0 0 0 0 0 0 0
0 0 0 0 0 0 0 0 0 2 1 1 0 0 0 0 0 0 0 0 0 0 0
0 0 0 0 0 0 0 0 0 2 1 1 0 0 0 0 0 0 0 0 0 0 0
0 0 0 0 0 0 0 0 0 2 1 1 0 0 0 0 0 0 0 0 0 0 0
0 0 0 0 0 0 0 0 0 2 1 1 0 0 0 0 0 0 0 0 0 0 0
0 0 0 0 0 0 0 0 0 2 1 1 0 0 0 0 0 0 0 0 0 0 0
0 0 0 0 0 0 0 0 0 2 1 1 0 0 0 0 0 0 0 0 0 0 0
0 0 0 0 0 0 0 0 0 2 1 1 0 0 0 0 0 0 0 0 0 0 0
0 0 0 0 0 0 0 0 0 2 1 1 0 0 0 0 0 0 0 0 0 0 0
0 0 0 0 0 0 0 0 0 2 1 1 0 0 0 0 0 0 0 0 0 0 0
0 0 0 4 3 3 3 3 3 5 1 1 3 3 3 3 3 3 0 0 0 0 0
0 0 0 2 1 1 1 1 1 1 1 1 1 1 1 1 1 1 0 0 0 0 0
0 0 0 2 1 1 1 1 1 1 1 1 1 1 1 1 1 1 0 0 0 0 0
0 0 0 2 1 1 1 1 1 1 1 1 1 1 1 1 1 1 0 0 0 0 0
0 0 0 2 1 1 1 1 1 1 1 1 1 1 1 1 1 1 0 0 0 0 0
0 0 0 2 1 1 1 1 1 1 1 1 1 1 1 1 1 1 0 0 0 0 0
0 0 0 2 1 1 1 1 1 1 1 1 1 1 1 1 1 1 0 0 0 0 0
0 0 0 2 1 1 1 1 1 1 1 1 1 1 1 1 1 1 0 0 0 0 0
0 0 0 2 1 1 1 1 1 1 1 1 1 1 1 1 1 1 0 0 0 0 0
0 0 0 2 1 1 1 1 1 1 1 1 1 1 1 1 1 1 0 0 0 0 0
0 0 0 2 1 1 1 1 1 1 1 1 1 1 1 1 1 1 0 0 0 0 0
0 0 0 2 1 1 1 1 1 1 1 1 1 1 1 1 1 1 0 0 0 0 0
0 0 0 2 1 1 1 1 1 1 1 1 1 1 1 1 1 1 0 0 0 0 0
0 0 0 2 1 1 1 1 1 1 1 1 1 1 1 1 1 1 0 0 0 0 0
0 0 0 2 1 1 1 1 1 1 1 1 1 1 1 1 1 1 0 0 0 0 0
0 0 0 2 1 1 1 1 1 1 1 1 1 1 1 1 1 1 0 0 0 0 0
0 0 0 2 1 1 1 1 1 1 1 1 1 1 1 1 1 1 0 0 0 0 0
0 0 0 2 1 1 1 1 1 1 1 1 1 1 1 1 1 1 0 0 0 0 0
0 0 0 2 1 1 1 1 1 1 1 1 1 1 1 1 1 1 0 0 0 0 0
0 0 0 2 1 1 1 1 1 1 1 1 1 1 1 1 1 1 0 0 0 0 0
0 0 0 2 1 1 1 1 1 1 1 1 1 1 1 1 1 1 0 0 0 0 0
0 0 0 2 1 1 1 1 1 1 1 1 1 1 1 1 1 1 0 0 0 0 0
0 0 0 2 1 1 1 1 1 1 1 1 1 1 1 1 1 1 0 0 0 0 0
0 0 0 2 1 1 1 1 1 1 1 1 1 1 1 1 1 1 0 0 0 0 0
0 0 0 2 1 1 1 1 1 1 1 1 1 1 1 1 1 1 0 0 0 0 0
0 0 0 2 1 1 1 1 1 1 1 1 1 1 1 1 1 1 0 0 0 0 0
0 0 0 2 1 1 1 1 1 1 1 1 1 1 1 1 1 1 0 0 0 0 0
0 0 0 2 1 1 1 1 1 1 1 1 1 1 1 1 1 1 0 0 0 0 0
0 0 0 2 1 1 1 1 1 1 1 1 1 1 1 1 1 1 0 0 0 0 0
0 0 0 2 1 1 1 1 1 1 1 1 1 1 1 1 1 1 0 0 0 0 0
0 0 0 2 1 1 1 1 1 1 1 1 1 1 1 1 1 1 0 0 0 0 0
0 0 0 2 1 1 1 1 1 1 1 1 1 1 1 1 1 1 0 0 0 0 0
0 0 0 2 1 1 1 1 1 1 1 1 1 1 1 1 1 1 0 0 0 0 0
0 0 0 2 1 1 1 1 1 1 1 1 1 1 1 1 1 1 0 0 0 0 0
0 0 0 2 1 1 1 1 1 1 1 1 1 1 1 1 1 1 0 0 0 0 0
0 0 0 0 0 0 0 0 0 2 1 1 0 0 0 0 0 0 0 0 0 0 0
0 0 0 0 0 0 0 0 0 2 1 1 0 0 0 0 0 0 0 0 0 0 0
0 0 0 0 0 0 0 0 0 2 1 1 0 0 0 0 0 0 0 0 0 0 0
0 0 0 0 0 0 0 0 0 2 1 1 0 0 0 0 0 0 0 0 0 0 0
0 0 0 0 0 0 0 0 0 2 1 1 0 0 0 0 0 0 0 0 0 0 0
0 0 0 0 0 0 0 0 0 2 1 1 0 0 0 0 0 0 0 0 0 0 0
0 0 0 0 0 0 0 0 0 2 1 1 0 0 0 0 0 0 0 0 0 0 0
0 0 0 0 0 0 0 0 0 2 1 1 0 0 0 0 0 0 0 0 0 0 0
0 0 0 0 0 0 0 0 0 2 1 1 0 0 0 0 0 0 0 0 0 0 0
0 0 0 0 0 0 0 0 0 2 1 1 0 0 0 0 0 0 0 0 0 0 0
0 0 0 0 0 0 0 0 4 5 1 1 0 0 0 0 0 0 0 0 0 0 0
0 0 0 0 0 0 0 0 2 1 1 1 0 0 0 0 0 0 0 0 0 0 0
0 0 0 0 0 0 0 0 2 1 1 1 0 0 0 0 0 0 0 0 0 0 0
0 0 0 0 0 0 0 0 2 1 0 0 0 0 0 0 0 0 0 0 0 0 0
0 0 0 0 0 0 0 0 2 1 0 0 0 0 0 0 0 0 0 0 0 0 0
0 0 0 0 0 0 0 0 2 1 0 0 0 0 0 0 0 0 0 0 0 0 0
0 0 0 0 0 0 0 0 2 1 0 0 0 0 0 0 0 0 0 0 0 0 0
0 0 0 0 0 0 0 0 2 1 0 0 0 0 0 0 0 0 0 0 0 0 0
0 0 0 0 0 0 4 3 5 1 0 0 0 0 0 0 0 0 0 0 0 0 0
0 0 0 0 0 0 2 1 1 1 0 0 0 0 0 0 0 0 0 0 0 0 0
0 0 0 0 0 0 2 1 1 1 0 0 0 0 0 0 0 0 0 0 0 0 0
0 0 0 0 0 0 2 1 1 1 0 0 0 0 0 0 0 0 0 0 0 0 0
0 0 0 0 0 0 2 1 1 1 0 0 0 0 0 0 0 0 0 0 0 0 0
0 0 0 0 0 0 2 1 1 1 3 3 3 3 3 0 0 0 0 0 0 0 0
0 0 0 0 0 0 2 1 1 1 1 1 1 1 1 0 0 0 0 0 0 0 0
0 0 0 0 0 0 2 1 1 1 1 1 1 1 1 0 0 0 0 0 0 0 0
0 0 0 0 0 0 2 1 1 1 1 1 1 1 1 0 0 0 0 0 0 0 0
0 0 0 0 0 0 0 2 1 1 1 1 1 1 1 3 3 3 0 0 0 0 0
0 0 0 0 0 0 0 2 1 1 1 1 1 1 1 1 1 1 0 0 0 0 0
0 0 0 0 0 0 0 2 1 1 1 1 1 1 1 1 1 1 0 0 0 0 0
0 0 0 0 0 0 0 2 1 1 1 1 1 1 1 1 1 1 0 0 0 0 0
4 3 3 0 0 0 0 2 1 1 1 1 1 1 1 1 1 1 0 0 0 0 0
2 1 1 3 0 0 0 0 0 0 0 0 2 1 1 1 1 1 0 0 0 0 0
2 1 1 1 0 0 0 0 0 0 0 0 2 1 1 1 1 1 0 0 0 0 0
0 2 1 1 0 0 0 0 0 0 0 0 0 0 0 0 2 1 0 0 0 0 0
0 2 1 1 0 0 0 0 0 0 0 0 0 0 0 0 2 1 0 0 0 0 0
0 2 1 1 0 0 0 0 0 0 0 0 0 0 0 0 2 1 0 0 0 0 0
0 2 1 1 0 0 0 0 0 0 0 0 0 0 0 0 2 1 0 0 0 0 0
0 2 1 1 0 4 3 3 3 3 3 3 3 3 3 3 5 1 0 0 0 0 0
0 2 1 1 0 2 1 1 1 1 1 1 1 1 1 1 1 1 0 0 0 0 0
0 2 1 1 0 2 1 1 1 1 1 1 1 1 1 1 1 1 0 0 0 0 0
0 2 1 1 0 2 1 1 1 1 1 1 1 1 1 1 1 1 0 0 0 0 0
0 2 1 1 0 2 1 0 0 0 0 0 0 0 2 1 1 1 0 0 0 0 0
0 2 1 1 0 2 1 0 0 0 0 0 0 0 2 1 1 1 0 0 0 0 0
0 2 1 1 0 2 1 0 0 0 0 0 0 0 2 1 1 1 0 0 0 0 0
0 2 1 1 0 2 1 0 0 0 0 0 0 0 2 1 1 1 0 0 0 0 0
0 2 1 1 0 2 1 0 0 0 0 0 0 0 0 0 0 0 0 0 0 0 0
0 2 1 1 0 2 1 0 0 0 4 3 3 0 0 0 0 0 0 0 0 0 0
0 2 1 1 0 2 1 0 4 3 5 1 1 0 0 0 0 0 0 0 0 0 0
0 2 1 1 0 2 1 0 2 1 1 1 1 0 0 0 0 0 0 0 0 0 0
0 2 1 1 0 2 1 0 2 1 1 1 1 0 0 0 0 0 0 0 0 0 0
0 2 1 1 0 2 1 0 2 1 1 1 1 0 0 0 0 0 0 0 0 0 0
0 2 1 1 0 2 1 0 2 1 1 1 1 0 0 0 0 0 0 0 0 0 0
0 2 1 1 0 2 1 0 2 1 1 1 1 0 0 0 0 0 0 0 0 0 0
0 2 1 1 0 2 1 3 5 1 1 1 1 0 0 0 0 0 0 0 0 0 0
0 2 1 1 0 2 1 1 1 1 1 1 1 0 0 0 0 0 0 0 0 0 0
0 2 1 1 3 5 1 1 1 1 1 1 1 0 0 0 0 0 0 0 0 0 0
0 2 1 1 1 1 1 1 1 1 1 1 1 0 0 0 0 0 0 0 0 0 0
0 0 0 0 0 0 0 0 0 0 2 1 1 0 0 0 0 0 0 0 0 0 0
0 0 0 0 0 0 0 0 0 0 2 1 1 0 0 0 0 0 0 0 0 0 0
0 0 0 0 0 0 0 0 0 0 2 1 1 0 0 0 0 0 0 0 0 0 0
0 0 0 0 0 0 0 0 0 0 2 1 1 0 0 0 0 0 0 0 0 0 0
0 0 0 0 0 0 0 0 0 0 2 1 1 0 0 0 0 0 0 0 0 0 0
0 0 0 0 0 0 0 0 0 0 2 1 1 0 0 0 0 0 0 0 0 0 0
0 4 3 3 3 3 3 3 3 3 5 1 1 0 0 0 0 0 0 0 0 0 0
0 2 1 1 1 1 1 1 1 1 1 1 1 0 0 0 0 0 0 0 0 0 0
0 2 1 1 1 1 1 1 1 1 1 1 1 0 0 0 0 0 0 0 0 0 0
0 2 1 1 1 1 1 1 1 1 1 1 1 0 0 0 0 0 0 0 0 0 0
0 2 1 1 1 1 1 1 1 1 1 1 1 0 0 0 0 0 0 0 0 0 0
0 2 1 1 1 1 1 1 1 0 0 0 0 0 0 0 0 0 0 0 0 0 0
0 2 1 1 1 1 1 1 1 0 0 0 0 0 0 0 0 0 0 0 0 0 0
0 2 1 1 1 1 1 1 1 0 0 0 0 0 0 0 0 0 0 0 0 0 0
0 2 1 1 1 0 0 0 0 0 0 0 0 0 0 0 0 0 0 0 0 0 0
0 2 1 1 1 0 0 0 0 0 0 0 0 0 0 0 0 0 0 0 0 0 0
0 2 1 1 1 0 0 0 0 0 0 0 0 0 0 0 0 0 0 0 0 0 0
0 2 1 1 1 0 0 0 0 0 0 0 0 0 0 0 0 0 0 0 0 0 0
0 2 1 1 1 0 0 0 0 0 0 0 0 0 0 0 0 0 0 0 0 0 0
0 2 1 1 1 0 0 0 0 0 0 0 0 0 0 0 0 0 0 0 0 0 0
0 2 1 1 1 0 0 0 0 0 0 0 0 0 0 0 0 0 0 0 0 0 0
0 2 1 1 1 0 0 0 0 0 0 0 0 0 0 0 0 0 0 0 0 0 0
0 2 1 1 1 0 0 0 0 0 0 0 0 0 0 0 0 0 0 0 0 0 0
0 2 1 1 1 0 0 0 0 0 0 0 0 0 0 0 0 0 0 0 0 0 0
0 2 1 1 1 0 0 0 0 0 0 0 0 0 0 0 0 0 0 0 0 0 0
0 2 1 1 1 3 3 3 3 0 0 0 0 0 0 0 0 0 0 0 0 0 0
0 2 1 1 1 1 1 1 1 0 0 0 0 0 0 0 0 0 0 0 0 0 0
0 2 1 1 1 1 1 1 1 0 0 0 0 0 0 0 0 0 0 0 0 0 0
0 2 1 1 1 1 1 1 1 0 0 0 0 0 0 0 0 0 0 0 0 0 0
0 2 1 1 1 1 1 1 1 0 0 0 0 0 0 0 0 0 0 0 0 0 0
0 2 1 1 1 1 1 1 1 0 0 0 0 0 0 0 0 0 0 0 0 0 0
0 2 1 1 1 1 1 1 1 0 0 0 0 0 0 0 0 0 0 0 0 0 0
0 0 0 0 0 0 2 1 1 0 0 0 0 0 0 0 0 0 0 0 0 0 0
0 0 0 0 0 0 2 1 1 0 0 0 0 0 0 0 0 0 0 0 0 0 0
0 0 0 0 0 0 2 1 1 0 0 0 0 0 0 0 0 0 0 0 0 0 0
0 0 0 0 0 0 2 1 1 0 0 0 0 0 0 0 0 0 0 0 0 0 0
0 0 0 0 0 0 2 1 1 0 0 0 0 0 0 0 0 0 0 0 0 0 0
0 0 0 0 0 0 2 1 1 0 0 0 0 0 0 0 0 0 0 0 0 0 0
0 0 0 0 0 0 2 1 1 3 3 0 0 0 0 0 0 0 0 0 0 0 0
0 0 0 0 0 0 2 1 1 1 1 0 0 0 0 0 0 0 0 0 0 0 0
0 0 0 0 0 0 2 1 1 1 1 0 0 0 0 0 0 0 0 0 0 0 0
0 0 0 0 0 0 2 1 1 1 1 0 0 0 0 0 0 0 0 0 0 0 0
0 0 0 0 0 0 2 1 1 1 1 0 0 0 0 0 0 0 0 0 0 0 0
0 0 0 0 0 0 2 1 1 1 1 0 0 0 0 0 0 0 0 0 0 0 0
0 0 0 0 0 0 2 1 1 1 1 0 0 0 0 0 0 0 0 0 0 0 0
0 0 0 0 0 0 2 1 1 1 1 0 0 0 0 0 0 0 0 0 0 0 0
0 0 0 0 0 0 2 1 1 1 1 0 0 0 0 0 0 0 0 0 0 0 0
0 0 0 0 0 0 2 1 1 1 1 0 0 0 0 0 0 0 0 0 0 0 0
0 0 0 0 0 0 0 0 2 1 1 0 0 0 0 0 0 0 0 0 0 0 0
0 0 0 0 0 0 0 0 2 1 1 0 0 0 0 0 0 0 0 0 0 0 0
0 0 0 0 0 0 0 0 2 1 1 0 0 0 0 0 0 0 0 0 0 0 0
0 0 0 0 0 0 0 0 2 1 1 0 0 0 0 0 0 0 0 0 0 0 0
0 0 0 0 0 0 0 0 2 1 1 3 0 0 0 0 0 0 0 0 0 0 0
0 0 0 0 0 0 0 0 2 1 1 1 0 0 0 0 0 0 0 0 0 0 0
0 0 0 0 0 0 0 0 2 1 1 1 0 0 0 0 0 0 0 0 0 0 0
0 0 0 0 0 0 0 0 2 1 1 1 0 0 0 0 0 0 0 0 0 0 0
0 0 0 0 0 0 0 0 2 1 1 1 0 0 0 0 0 0 0 0 0 0 0
0 0 0 0 0 0 0 0 2 1 1 1 0 0 0 0 0 0 0 0 0 0 0
0 0 0 0 0 0 0 0 2 1 1 1 0 0 0 0 0 0 0 0 0 0 0
0 0 0 0 0 0 0 0 2 1 1 1 0 0 0 0 0 0 0 0 0 0 0
0 0 0 0 0 0 0 0 2 1 1 1 0 0 0 0 0 0 0 0 0 0 0
0 0 0 0 0 0 0 0 2 1 1 1 3 3 3 3 3 0 0 0 0 0 0
0 0 0 0 0 0 0 0 2 1 1 1 1 1 1 1 1 0 0 0 0 0 0
0 0 0 0 0 0 0 0 2 1 1 1 1 1 1 1 1 0 0 0 0 0 0
0 0 0 0 0 0 0 0 2 1 1 1 1 1 1 1 1 0 0 0 0 0 0
0 0 0 0 0 0 0 0 2 1 1 1 1 1 1 1 1 0 0 0 0 0 0
0 0 0 0 0 0 0 0 2 1 1 1 1 1 1 1 1 0 0 0 0 0 0
0 0 0 0 0 0 0 0 0 0 0 0 0 2 1 1 1 0 0 0 0 0 0
0 0 0 0 0 0 0 0 0 0 0 0 0 2 1 1 1 0 0 0 0 0 0
0 0 0 0 0 0 0 0 0 0 0 0 0 2 1 1 1 0 0 0 0 0 0
0 0 0 0 0 0 0 0 0 0 0 0 0 2 1 1 1 0 0 0 0 0 0
0 0 0 0 0 0 0 0 0 0 0 0 0 2 1 1 1 0 0 0 0 0 0
0 0 0 0 0 0 0 0 0 0 0 0 0 2 1 1 1 0 0 0 0 0 0
0 0 0 0 0 0 0 0 0 0 0 0 0 2 1 1 1 0 0 0 0 0 0
0 0 0 0 0 0 0 0 0 0 0 0 0 2 1 1 1 0 0 0 0 0 0
4 3 3 3 3 3 3 3 3 3 3 3 3 5 1 1 1 0 0 0 0 0 0
2 1 1 1 1 1 1 1 1 1 1 1 1 1 1 1 1 0 0 0 0 0 0
2 1 1 1 1 1 1 1 1 1 1 1 1 1 1 1 1 0 0 0 0 0 0
2 1 1 1 1 1 1 1 1 1 1 1 1 1 1 1 1 0 0 0 0 0 0
2 1 1 1 1 1 1 1 1 1 1 1 1 1 1 1 1 0 0 0 0 0 0
2 1 1 1 1 1 1 1 1 1 1 1 1 1 1 1 1 0 0 0 0 0 0
2 1 1 1 1 1 1 1 1 1 1 1 1 1 1 1 1 0 0 0 0 0 0
2 1 1 1 1 1 1 1 1 1 1 1 1 1 1 1 1 0 0 0 0 0 0
2 1 1 1 1 1 1 1 1 1 1 1 1 1 1 1 1 0 0 0 0 0 0
2 1 1 0 0 0 0 0 0 0 0 0 0 0 0 0 0 0 0 0 0 0 0
2 1 1 0 0 0 0 0 0 0 0 0 0 0 0 0 0 0 0 0 0 0 0
2 1 1 0 0 0 0 0 0 0 0 0 0 0 0 0 0 0 0 0 0 0 0
2 1 1 0 0 0 0 0 0 0 0 0 0 0 0 0 0 0 0 0 0 0 0
2 1 1 3 3 3 3 0 0 0 0 0 0 0 0 0 0 0 0 0 0 0 0
2 1 1 1 1 1 1 0 0 0 0 0 0 0 0 0 0 0 0 0 0 0 0
2 1 1 1 1 1 1 0 0 0 0 0 0 0 0 0 0 0 0 0 0 0 0
2 1 1 1 1 1 1 0 0 0 0 0 0 0 0 0 0 0 0 0 0 0 0
2 1 1 1 1 1 1 0 0 0 0 0 0 0 0 0 0 0 0 0 0 0 0
2 1 1 0 0 0 0 0 0 0 0 0 0 0 0 0 0 0 0 0 0 0 0
2 1 1 0 0 0 0 0 0 0 0 0 0 0 0 0 0 0 0 0 0 0 0
2 1 1 0 0 0 0 0 0 0 0 0 0 0 0 0 0 0 0 0 0 0 0
2 1 1 0 0 0 0 0 0 0 0 0 0 0 0 0 0 0 0 0 0 0 0
2 1 1 0 0 0 0 0 0 0 0 0 0 0 0 0 0 0 0 0 0 0 0
2 1 1 0 4 3 3 3 3 3 3 3 0 0 0 0 0 0 0 0 0 0 0
2 1 1 0 2 1 1 1 1 1 1 1 0 0 0 0 0 0 0 0 0 0 0
2 1 1 0 2 1 1 1 1 1 1 1 0 0 0 0 0 0 0 0 0 0 0
2 1 1 0 2 1 1 1 1 1 1 1 0 0 0 0 0 0 0 0 0 0 0
2 1 1 0 2 1 1 1 1 1 1 1 0 0 0 0 0 0 0 0 0 0 0
2 1 1 0 2 1 1 0 2 1 1 1 0 0 0 0 0 0 0 0 0 0 0
2 1 1 0 2 1 1 0 2 1 1 1 3 3 3 3 0 0 0 0 0 0 0
2 1 1 3 5 1 1 0 2 1 1 1 1 1 1 1 0 0 0 0 0 0 0
2 1 1 1 1 1 1 0 2 1 1 1 1 1 1 1 0 0 0 0 0 0 0
2 1 1 1 1 1 1 0 2 1 1 1 1 1 1 1 0 0 0 0 0 0 0
2 1 1 1 1 1 1 0 2 1 1 1 1 1 1 1 0 0 0 0 0 0 0
2 1 1 1 1 1 1 0 2 1 1 1 1 1 1 1 0 0 0 0 0 0 0
0 0 0 0 0 0 0 0 2 1 1 1 1 1 1 1 0 0 0 0 0 0 0
0 0 0 0 0 0 0 0 0 0 0 0 2 1 1 1 0 0 0 0 0 0 0
0 0 0 0 0 0 0 0 0 0 0 0 2 1 1 1 0 0 0 0 0 0 0
0 0 0 0 0 0 0 0 0 0 0 0 2 1 1 1 0 0 0 0 0 0 0
0 0 0 0 0 0 0 0 0 0 0 0 2 1 1 1 0 0 0 0 0 0 0
0 0 0 0 0 0 0 0 0 0 0 0 2 1 1 1 0 0 0 0 0 0 0
0 0 0 0 0 0 0 0 0 0 0 0 2 1 1 1 0 0 0 0 0 0 0
0 0 0 0 0 0 0 0 0 0 0 0 0 0 2 1 0 0 0 0 0 0 0
0 0 0 0 0 0 0 0 0 0 0 0 0 0 2 1 0 0 0 0 0 0 0
0 0 0 0 0 0 0 0 0 0 0 0 0 0 2 1 0 0 0 0 0 0 0
0 0 0 0 0 4 3 3 3 3 3 3 3 3 5 1 0 0 0 0 0 0 0
0 0 0 0 0 2 1 1 1 1 1 1 1 1 1 1 0 0 0 0 0 0 0
0 0 0 0 0 2 1 1 1 1 1 1 1 1 1 1 0 0 0 0 0 0 0
0 0 0 0 0 2 1 1 1 1 1 1 1 1 1 1 0 0 0 0 0 0 0
0 0 0 0 0 2 1 1 1 1 1 1 1 1 1 1 0 0 0 0 0 0 0
0 0 0 0 0 2 1 1 1 1 1 1 1 1 1 1 0 0 0 0 0 0 0
0 0 0 0 0 2 1 1 1 1 0 0 0 0 0 0 0 0 0 0 0 0 0
0 0 0 0 0 2 1 1 1 1 0 0 0 0 0 0 0 0 0 0 0 0 0
0 0 0 0 0 2 1 1 1 1 0 0 0 0 0 0 0 0 0 0 0 0 0
0 0 0 0 0 2 1 1 1 1 0 0 0 0 0 0 0 0 0 0 0 0 0
0 0 0 0 0 2 1 1 1 1 0 0 0 0 0 0 0 0 0 0 0 0 0
0 0 0 0 0 2 1 1 1 1 0 0 0 0 0 0 0 0 0 0 0 0 0
0 0 0 0 0 2 1 1 1 1 0 0 0 0 0 0 0 0 0 0 0 0 0
0 0 0 0 0 2 1 1 1 1 0 0 0 0 0 0 0 0 0 0 0 0 0
0 0 0 0 0 2 1 1 1 1 0 0 0 0 0 0 0 0 0 0 0 0 0
0 0 0 0 0 2 1 1 1 1 0 0 0 0 0 0 0 0 0 0 0 0 0
0 0 0 0 0 2 1 1 1 1 0 0 0 0 0 0 0 0 0 0 0 0 0
0 0 0 0 0 2 1 1 1 1 0 0 0 0 0 0 0 0 0 0 0 0 0
0 0 0 0 0 2 1 1 1 1 3 3 3 0 0 0 0 0 0 0 0 0 0
0 0 0 0 0 2 1 1 1 1 1 1 1 0 0 0 0 0 0 0 0 0 0
0 0 0 0 0 2 1 1 1 1 1 1 1 0 0 0 0 0 0 0 0 0 0
0 0 0 0 0 2 1 1 1 1 1 1 1 0 0 0 0 0 0 0 0 0 0
0 0 0 0 0 2 1 1 1 1 1 1 1 0 0 0 0 0 0 0 0 0 0
0 0 0 0 0 0 0 0 0 0 0 2 1 0 0 0 0 0 0 0 0 0 0
0 0 0 0 0 0 0 0 0 0 0 2 1 0 0 0 0 0 0 0 0 0 0
0 0 0 0 0 0 0 0 0 0 0 2 1 0 0 0 0 0 0 0 0 0 0
0 0 0 0 0 0 0 0 0 0 0 2 1 0 0 0 0 0 0 0 0 0 0
0 0 0 0 0 0 0 0 0 0 0 2 1 0 0 0 0 0 0 0 0 0 0
0 0 0 0 0 0 0 0 0 0 0 2 1 0 0 0 0 0 0 0 0 0 0
0 0 0 0 0 0 0 0 0 0 0 2 1 0 0 0 0 0 0 0 0 0 0
0 0 0 0 0 0 0 0 0 0 0 2 1 0 0 0 0 0 0 0 0 0 0
0 0 0 4 3 3 3 3 3 3 3 5 1 3 3 3 3 3 3 3 3 0 0
0 0 0 2 1 1 1 1 1 1 1 1 1 1 1 1 1 1 1 1 1 0 0
0 0 0 2 1 1 1 1 1 1 1 1 1 1 1 1 1 1 1 1 1 0 0
0 0 0 2 1 1 1 1 1 1 1 1 1 1 1 1 1 1 1 1 1 0 0
0 0 0 2 1 1 1 1 1 1 1 1 1 1 1 1 1 1 1 1 1 0 0
0 0 0 2 1 1 1 1 1 1 1 1 1 1 1 1 1 1 1 1 1 0 0
0 0 0 2 1 1 1 1 1 1 1 1 1 1 1 1 1 1 1 1 1 0 0
0 0 0 2 1 1 1 1 1 1 1 1 1 1 1 1 1 1 1 1 1 0 0
0 0 0 2 1 1 1 1 1 1 1 1 1 1 1 1 1 1 1 1 1 0 0
0 0 0 2 1 1 1 1 1 1 1 1 1 1 1 1 1 1 1 1 1 0 0
0 0 0 2 1 1 1 1 1 1 1 1 1 1 1 1 1 1 1 1 1 0 0
0 0 0 2 1 1 1 1 1 1 1 1 1 1 1 1 1 1 1 1 1 0 0
0 0 0 2 1 1 1 1 1 1 1 1 1 1 1 1 1 1 1 1 1 0 0
0 0 0 2 1 1 1 1 1 1 1 1 1 1 1 1 1 1 1 1 1 0 0
0 0 0 2 1 1 1 1 1 1 1 1 1 1 1 1 1 1 1 1 1 0 0
0 0 0 2 1 1 1 1 1 1 1 1 1 1 1 1 1 1 1 1 1 0 0
0 0 0 2 1 1 1 1 1 1 1 1 1 1 1 1 1 1 1 1 1 0 0
0 0 0 2 1 1 1 1 1 1 1 1 1 1 1 1 1 1 1 1 1 0 0
0 0 0 2 1 1 1 1 1 1 1 1 1 1 1 1 1 1 1 1 1 0 0
0 0 0 2 1 1 1 1 1 1 1 1 1 1 1 1 1 1 1 1 1 0 0
0 0 0 2 1 1 1 1 1 1 1 1 1 1 1 1 1 1 1 1 1 0 0
0 0 0 2 1 1 1 1 1 1 1 1 1 1 1 1 1 1 1 1 1 0 0
0 0 0 2 1 1 1 1 1 1 1 1 1 1 1 1 1 1 1 1 1 0 0
0 0 0 2 1 1 1 1 1 1 1 1 1 1 1 1 1 1 1 1 1 0 0
0 0 0 2 1 1 1 1 1 1 1 1 1 1 1 1 1 1 1 1 1 0 0
0 0 0 2 1 1 1 1 1 1 1 1 1 1 1 1 1 1 1 1 1 0 0
0 0 0 0 2 1 1 1 1 1 1 1 1 1 1 1 1 1 1 1 0 0 0
0 0 0 0 0 2 1 1 1 1 1 1 1 1 1 1 1 1 1 0 0 0 0
0 0 0 0 0 0 2 1 1 1 1 1 1 1 1 1 1 1 0 0 0 0 0
0 0 0 0 0 0 0 2 1 1 1 1 1 1 1 1 1 0 0 0 0 0 0
0 0 0 0 0 0 0 0 2 1 1 1 1 1 1 1 0 0 0 0 0 0 0
0 0 0 0 0 0 0 0 0 2 1 1 1 1 1 0 0 0 0 0 0 0 0
0 0 0 0 0 0 0 0 0 0 2 1 1 1 0 0 0 0 0 0 0 0 0
0 0 0 0 0 0 0 0 0 0 0 2 1 0 0 0 0 0 0 0 0 0 0
0 0 0 0 0 0 0 0 0 0 0 2 1 0 0 0 0 0 0 0 0 0 0
0 0 0 0 0 0 0 0 0 0 0 2 1 0 0 0 0 0 0 0 0 0 0
0 0 0 0 0 0 0 0 0 0 0 2 1 0 0 0 0 0 0 0 0 0 0
0 0 0 0 0 0 0 0 0 0 0 2 1 0 0 0 0 0 0 0 0 0 0
0 0 0 0 0 0 0 0 0 0 0 2 1 0 0 0 0 0 0 0 0 0 0
0 0 0 0 0 0 0 0 4 3 3 5 1 3 3 3 0 0 0 0 0 0 0
0 0 0 0 0 0 0 0 2 1 1 1 1 1 1 1 0 0 0 0 0 0 0
0 0 0 0 0 0 0 0 2 1 1 1 1 1 1 1 0 0 0 0 0 0 0
0 0 0 0 0 0 0 0 2 1 1 1 1 1 1 1 0 0 0 0 0 0 0
0 0 0 0 0 0 0 0 2 1 1 1 1 1 1 1 0 0 0 0 0 0 0
0 0 0 0 0 0 0 0 2 1 1 1 1 1 1 1 0 0 0 0 0 0 0
0 0 0 0 0 0 0 0 2 1 1 1 1 1 1 1 0 0 0 0 0 0 0
0 0 0 0 0 0 0 0 0 0 0 2 1 0 0 0 0 0 0 0 0 0 0
0 0 0 0 0 0 0 0 0 0 0 2 1 0 0 0 0 0 0 0 0 0 0
0 0 0 0 0 0 0 0 0 0 0 2 1 0 0 0 0 0 0 0 0 0 0
0 0 0 0 0 0 0 0 0 0 0 2 1 0 0 0 0 0 0 0 0 0 0
0 0 0 0 0 0 0 0 0 0 0 2 1 0 0 0 0 0 0 0 0 0 0
0 0 0 4 3 3 3 3 3 3 3 5 1 0 0 0 0 0 0 0 0 0 0
0 0 0 2 1 1 1 1 1 1 1 1 1 0 0 0 0 0 0 0 0 0 0
0 0 0 2 1 1 1 1 1 1 1 1 1 0 0 0 0 0 0 0 0 0 0
0 0 0 2 1 1 0 0 0 0 0 0 0 0 0 0 0 0 0 0 0 0 0
0 0 0 2 1 1 0 0 0 0 0 0 0 0 0 0 0 0 0 0 0 0 0
0 0 0 2 1 1 0 0 0 0 0 0 0 0 0 0 0 0 0 0 0 0 0
0 0 0 2 1 1 0 0 0 0 0 0 0 0 0 0 0 0 0 0 0 0 0
0 0 0 2 1 1 0 0 0 0 0 0 0 0 0 0 0 0 0 0 0 0 0
0 0 0 2 1 1 0 0 0 0 0 0 0 0 0 0 0 4 3 3 3 0 0
0 0 0 2 1 1 0 0 0 0 0 0 4 3 3 3 3 5 1 1 1 0 0
0 0 0 2 1 1 0 0 0 0 0 0 2 1 1 1 1 1 1 1 1 0 0
0 0 0 2 1 1 0 0 0 0 0 0 2 1 1 1 1 1 1 1 1 0 0
0 0 0 2 1 1 0 0 0 0 0 0 2 1 1 1 1 1 1 1 1 0 0
0 0 0 2 1 1 0 0 0 0 0 0 2 1 1 1 1 1 1 1 1 0 0
0 0 0 2 1 1 0 0 4 3 3 3 5 1 1 1 1 1 1 1 1 0 0
0 0 0 2 1 1 0 0 2 1 1 1 1 1 1 1 1 1 1 1 1 0 0
0 0 0 2 1 1 0 0 2 1 1 1 1 1 1 1 0 2 1 1 1 0 0
0 0 0 2 1 1 0 0 2 1 1 1 1 1 1 1 0 2 1 1 1 0 0
0 0 0 2 1 1 0 0 2 1 1 1 1 1 1 1 0 2 1 1 1 0 0
0 0 0 2 1 1 0 0 2 1 1 1 1 1 1 1 0 2 1 1 1 0 0
0 0 0 2 1 1 0 4 5 1 1 1 0 0 0 0 0 2 1 1 1 0 0
0 0 0 2 1 1 0 2 1 1 1 1 0 0 0 0 0 2 1 1 1 0 0
0 0 0 2 1 1 0 2 1 1 1 1 0 0 0 0 0 2 1 1 1 0 0
0 0 0 2 1 1 0 2 1 1 1 1 0 0 0 0 0 2 1 1 1 0 0
0 0 0 2 1 1 0 2 1 1 1 1 0 0 0 0 0 2 1 1 1 0 0
0 0 0 2 1 1 0 2 1 1 0 0 0 0 0 0 0 2 1 1 1 0 0
0 0 0 2 1 1 0 2 1 1 0 0 4 3 3 3 3 5 1 1 1 0 0
0 0 0 2 1 1 3 5 1 1 0 0 2 1 1 1 1 1 1 1 1 0 0
0 0 0 2 1 1 1 1 1 1 0 0 2 1 1 1 1 1 1 1 1 0 0
0 0 0 2 1 1 1 1 1 1 0 0 2 1 1 1 1 1 1 1 1 0 0
0 0 0 2 1 1 1 1 1 1 0 0 2 1 1 1 1 1 1 1 1 0 0
0 0 0 2 1 1 1 1 1 1 0 0 2 1 1 1 1 1 1 1 1 0 0
0 0 0 2 1 1 1 1 1 1 0 0 2 1 1 1 1 1 1 1 1 0 0
0 0 0 0 0 0 0 0 0 0 0 0 2 1 1 1 1 1 1 1 1 0 0
0 0 0 0 0 0 0 0 0 0 0 0 2 1 1 1 1 1 1 1 1 0 0
0 0 0 0 0 0 0 0 0 0 0 0 2 1 1 1 0 0 0 0 0 0 0
0 0 0 0 0 0 0 0 0 0 0 0 2 1 1 1 0 0 0 0 0 0 0
0 0 0 0 0 0 0 0 0 0 0 0 2 1 1 1 0 0 0 0 0 0 0
0 0 0 0 0 0 0 0 0 0 0 0 2 1 1 1 0 0 0 0 0 0 0
0 0 0 0 0 0 0 0 0 0 0 0 2 1 1 1 0 0 0 0 0 0 0
0 0 0 0 0 0 0 0 0 0 0 0 2 1 1 1 0 0 0 0 0 0 0
0 0 0 0 0 0 0 0 0 0 0 0 2 1 1 1 0 0 0 0 0 0 0
0 0 0 0 0 0 0 0 0 0 0 0 2 1 1 1 0 0 0 0 0 0 0
0 0 0 0 4 3 3 3 3 3 3 0 2 1 1 1 0 0 0 0 0 0 0
0 0 0 0 2 1 1 1 1 1 1 0 2 1 1 1 0 0 0 0 0 0 0
0 0 0 0 2 1 1 1 1 1 1 0 2 1 1 1 0 0 0 0 0 0 0
0 0 0 0 2 1 1 1 1 1 1 0 2 1 1 1 0 0 0 0 0 0 0
0 0 0 0 2 1 1 1 1 1 1 0 2 1 1 1 0 0 0 0 0 0 0
0 0 0 0 2 1 1 1 1 1 1 0 2 1 1 1 0 0 0 0 0 0 0
0 0 0 0 2 1 1 1 1 1 1 3 5 1 1 1 0 0 0 0 0 0 0
0 0 0 0 2 1 1 1 1 1 1 1 1 1 1 1 0 0 0 0 0 0 0
0 0 0 0 2 1 1 1 1 1 1 1 1 1 1 1 0 0 0 0 0 0 0
0 0 4 3 5 1 1 1 1 1 1 1 1 1 1 1 0 0 0 0 0 0 0
0 0 2 1 1 1 1 1 0 2 1 1 1 1 1 1 0 0 0 0 0 0 0
0 0 2 1 1 1 1 1 0 2 1 1 1 1 1 1 0 0 0 0 0 0 0
0 0 2 1 1 1 1 1 0 0 0 0 0 0 0 0 0 0 0 0 0 0 0
0 0 2 1 1 1 1 1 0 0 0 0 0 0 0 0 0 0 0 0 0 0 0
0 0 2 1 1 1 1 1 0 0 0 0 4 3 3 3 3 3 0 0 0 0 0
0 0 2 1 1 1 1 1 0 0 0 0 2 1 1 1 1 1 0 0 0 0 0
0 0 2 1 1 1 1 1 0 0 0 0 2 1 1 1 1 1 0 0 0 0 0
0 0 2 1 0 0 0 0 0 0 0 0 2 1 1 1 1 1 0 0 0 0 0
0 0 2 1 0 0 4 3 3 3 3 3 5 1 1 1 1 1 0 0 0 0 0
0 0 2 1 0 0 2 1 1 1 1 1 1 1 1 1 1 1 0 0 0 0 0
0 0 2 1 0 0 2 1 1 1 1 1 1 0 2 1 1 1 0 0 0 0 0
0 0 2 1 0 0 2 1 1 1 1 1 1 0 2 1 1 1 0 0 0 0 0
0 0 2 1 0 0 2 1 1 1 1 1 1 0 2 1 1 1 1 1 1 0 0
0 0 2 1 3 3 5 1 1 1 1 1 0 0 2 1 1 1 1 1 1 0 0
0 0 2 1 1 1 1 1 1 1 1 1 0 0 2 1 1 1 1 1 1 0 0
0 0 2 1 1 1 1 1 1 1 1 1 0 0 2 1 1 1 1 1 1 0 0
0 0 2 1 1 1 1 1 1 1 1 1 0 0 2 1 1 1 1 1 1 0 0
0 0 0 0 0 0 0 0 0 0 0 0 0 0 2 1 1 1 1 1 1 0 0
0 0 0 0 0 0 0 0 0 0 0 0 0 0 2 1 1 1 1 1 1 0 0
0 0 0 0 0 0 0 0 0 0 0 0 0 0 0 0 0 2 1 1 1 0 0
0 0 0 0 0 0 0 0 0 0 0 0 0 0 0 0 0 2 1 1 1 0 0
0 0 0 0 0 0 0 4 3 3 3 3 0 0 0 0 0 2 1 1 1 0 0
0 0 0 0 0 0 0 2 1 1 1 1 0 4 3 3 0 2 1 1 1 0 0
0 0 0 0 0 0 0 2 1 1 1 1 0 2 1 1 0 2 1 1 1 0 0
0 0 0 0 4 3 3 5 1 1 1 1 0 2 1 1 0 2 1 1 1 0 0
0 0 0 0 2 1 1 1 1 1 1 1 3 5 1 1 0 2 1 1 1 0 0
0 0 4 3 5 1 1 1 1 1 1 1 1 1 1 1 0 0 0 2 1 0 0
0 0 2 1 1 1 1 0 0 0 2 1 1 1 1 1 3 3 0 2 1 0 0
0 0 2 1 1 1 1 0 0 0 0 2 1 1 1 1 1 1 0 2 1 3 0
0 0 2 1 1 1 1 0 0 0 0 0 0 0 0 2 1 1 0 2 1 1 0
0 0 2 1 1 0 0 0 0 0 0 0 0 0 0 2 1 1 0 2 1 1 0
0 0 2 1 1 0 4 3 3 3 3 3 3 3 0 2 1 1 0 2 1 1 0
0 0 2 1 1 0 2 1 1 1 1 1 1 1 0 2 1 1 0 2 1 1 0
0 0 2 1 1 0 2 1 1 1 1 1 1 1 0 2 1 1 0 2 1 1 0
0 0 2 1 1 0 2 1 1 1 1 1 1 1 0 2 1 1 0 2 1 1 0
0 0 2 1 0 0 2 1 1 0 2 1 1 1 0 2 1 1 0 2 1 1 0
0 0 2 1 0 4 5 1 1 0 2 1 1 1 0 2 1 1 0 2 1 1 0
0 4 5 1 0 2 1 1 1 0 2 1 1 1 0 2 1 1 0 2 1 1 0
0 2 1 1 0 2 1 1 1 0 2 1 1 0 0 2 1 1 0 2 1 1 0
0 2 1 1 0 2 1 1 1 0 2 1 1 0 4 5 1 1 0 2 1 1 0
0 2 1 1 0 2 1 1 1 0 2 1 1 0 2 1 1 1 0 2 1 1 0
0 2 1 1 0 2 1 1 1 0 2 1 1 0 2 1 1 1 0 2 1 1 0
0 2 1 1 0 2 1 1 1 0 2 1 1 0 2 1 1 1 0 2 1 1 0
0 0 2 1 0 2 1 1 1 0 2 1 1 0 2 1 0 0 0 2 1 1 0
0 0 2 1 0 0 0 2 1 0 2 1 1 0 2 1 3 3 0 2 1 1 0
0 0 2 1 0 0 0 2 1 0 2 1 1 0 2 1 1 1 0 2 1 1 0
0 0 2 1 0 0 0 2 1 0 2 1 1 0 2 1 1 1 0 2 1 1 0
0 0 2 1 3 3 3 5 1 0 2 1 1 0 2 1 1 1 3 5 1 1 0
0 0 2 1 1 1 1 1 1 0 2 1 1 0 2 1 1 1 1 1 1 1 0
0 0 2 1 1 1 1 1 1 0 2 1 1 0 2 1 1 1 1 1 1 1 0
0 0 0 0 2 1 0 0 0 0 2 1 1 0 2 1 1 1 1 1 1 1 0
0 0 0 0 2 1 0 0 0 0 2 1 1 0 0 0 0 0 0 0 0 0 0
0 0 0 0 0 0 0 0 0 0 0 0 0 0 0 0 0 0 0 0 0 0 0